0.05 1.0 500 1000 -1199.3984206987398
0.01 0.999 500 1000 -1355772.993817212
0.01 1.0 500 1000 -127335.85055522296
0.01 0.99 500 1000 -1.0782386674823923
0.05 0.999 500 1000 -1288222.272470366
0.05 0.99 500 1000 -1.0041148224149925
0.01 1.0 1000 1000 -1320408.4862057439
0.05 0.99 500 2000 -20535287.191287015
0.01 1.0 500 2000 -19566090.28438742
0.01 0.999 500 2000 -944.0896402247315
0.05 0.999 500 2000 -19791171.28710686
0.05 1.0 500 2000 -20907040.205959477
0.05 1.0 1000 1000 -1167681.1969023545
0.01 0.99 1000 1000 -1138412.464509868
0.05 0.999 1000 1000 -1194.4431226005006
0.01 0.99 500 2000 -20687549.40619118
0.01 0.999 1000 1000 -4757.3204702856365
0.05 0.99 1000 1000 -1.0136155880364826   # good
0.05 0.999 500 4000 -431.83149092807474
0.05 0.99 500 4000 -1.0202189654333358
0.05 0.99 1000 2000 -1.0077435939817392   # good
0.01 1.0 500 4000 -314559847.94837433
0.01 0.999 500 4000 -285354793.41003245
0.01 0.999 1000 2000 -18899326.45946249
0.01 0.99 500 4000 -315124923.460728
0.01 0.99 2000 1000 -1.035977016626938
0.05 0.99 2000 1000 -1.0011288333746169   # good
0.01 0.999 2000 1000 -1.0303969822504158 
0.05 0.999 2000 1000 -1134508.3984080262
0.01 0.99 1000 2000 -20353954.754363537
0.05 1.0 500 4000 -316210237.22026527
0.05 1.0 1000 2000 -19356659.447739642
0.05 0.999 1000 2000 -19295585.92606062
0.01 1.0 2000 1000 -1240438.8263834193
0.01 1.0 1000 2000 -19072932.83881253
0.05 1.0 2000 1000 -1178766.3786139358
0.01 0.999 500 5000 -786576812.2449586
0.05 0.999 500 5000 -1.0432128211421814
0.05 1.0 500 5000 -774819061.1195296
0.05 0.99 500 5000 -775644815.1378075
0.01 0.99 500 5000 -709490987.4284334
0.01 1.0 500 5000 -775203470.0317371
0.05 0.99 3000 1000 -1.037169214991799
0.01 1.0 3000 1000 -1278042.9954481067
0.05 0.999 3000 1000 -1193224.718212588
0.05 1.0 3000 1000 -1380847.9945300664
0.01 0.999 3000 1000 -674923.458643066
0.01 0.99 3000 1000 -1.0252656844328827     # good 
0.01 0.99 1000 4000 -290807862.57655466
0.01 1.0 2000 2000 -20178069.71079166
0.05 0.999 1000 4000 -313657212.9253498
0.05 0.999 2000 2000 -2.147011652237508
0.05 0.99 2000 2000 -20788140.39862106
0.05 0.99 1000 4000 -318802475.06453943
0.01 0.99 2000 2000 -1.0053911138177651   # good
0.01 1.0 1000 4000 -315311666.26323664
0.01 0.999 1000 4000 -319208519.8037425
0.05 1.0 1000 4000 -316004216.7260936
0.05 1.0 2000 2000 -19913173.912651107
0.01 0.999 2000 2000 -1.0125912340146064
0.05 1.0 1000 5000 -9.793018111328067
0.01 0.99 1000 5000 -1.0181615530648351     # good 
0.01 1.0 1000 5000 -788115595.3199311
0.01 0.999 1000 5000 -764475540.3391418
0.05 0.999 1000 5000 -1.0653566932064844
0.05 0.99 1000 5000 -1.0150888789794603
0.05 0.999 3000 2000 -1.0814354570905182
0.05 1.0 3000 2000 -20844897.36474699
0.01 1.0 3000 2000 -20458361.330102827
0.01 0.99 3000 2000 -1.0085322432337789     # best
0.01 0.999 3000 2000 -20964741.302518692
0.05 0.99 3000 2000 -1.0044573414893372    # good
0.05 0.999 2000 4000 -1.0068483342689674  # good
0.05 1.0 2000 4000 -321853545.51423824
0.01 0.99 2000 4000 -1.0113572617981996     # good 
0.05 0.99 2000 4000 -1.001162596070547    # good
0.01 1.0 2000 4000 -312763954.6857976
0.01 0.999 2000 4000 -317576910.9679815
0.01 0.999 2000 5000 -774700290.0003784
0.05 0.999 2000 5000 -2.66955504548082
0.05 1.0 2000 5000 -788246894.4577602
0.01 1.0 2000 5000 -10.80363866555343
0.01 0.99 2000 5000 -775601934.8977216
0.05 0.99 2000 5000 -784345269.8863659
0.05 0.999 3000 4000 -322661639.5008292
0.01 0.999 3000 4000 -319223022.57118654
0.05 1.0 3000 4000 -316678428.85589534
0.05 0.99 3000 4000 -326977171.4834509
0.01 1.0 3000 4000 -324723252.88706857
0.01 0.99 3000 4000 -1.0161589221783862
0.01 1.0 3000 5000 -792958791.6596045
0.01 0.999 3000 5000 -790260749.511492
0.01 0.99 3000 5000 -758602248.0128756
0.05 0.999 3000 5000 -1.3737662466543308
0.05 1.0 3000 5000 -767907400.4999985
0.05 0.99 3000 5000 -772460687.8393811
0.05 0.99 500 1000 -1245218.8637673652
